0.0978014652875
0.120940719884
0.517970914876
0.434707870146
0.774321552817
0.410510758856
0.583444448692
0.29554181867
0.381598302398
0.323432704439
0.93368583962
0.888249699071
0.850721955705
0.113921213978
0.178320869459
0.0245297829005
0.302082951104
0.573701203944
0.957162814084
0.43221776784
0.482500750423
0.0500244519272
0.25522988147
0.43893943738
0.723368237378
0.872009089387
0.0478041457826
0.265434626041
0.69137306753
0.375242581762
0.346108695221
0.220502678897
0.446260141503
0.190768455044
0.239913618926
0.924620431229
0.833014998273
0.892288640129
0.661325229393
0.759276349994
0.064395530734
0.761451083527
0.165852773785
0.888896605659
0.700835600959
0.998006748969
0.886742486394
0.400895034095
0.110877231683
0.259506420263
0.971884501045
0.350191764763
0.664249595586
0.276568928397
0.568296243998
0.851789089833
0.462606660016
0.632852033898
0.965821879713
0.675425474137
0.0263705173459
0.843927818295
0.297448213795
0.113125257376
0.227705368291
0.978961309944
0.527664968308
0.13206762939
0.417080198612
0.791163123895
0.705191592562
0.738093500982
0.000445721762011
0.249605299555
0.401475971672
0.761826711419
0.228266991772
0.910306248661
0.35288091313
0.726782284566
0.917274787603
0.614716709413
0.452609194404
0.133383605541
0.425460423247
0.701550738978
0.931163647525
0.240276911999
0.642703822642
0.590793199644
0.898990293864
0.633364555531
0.624158225893
0.788209023455
0.922739991847
0.0748848663792
0.621541945225
0.058881190268
0.667998666156
0.558148853604
0.477825181421
0.914887864737
0.697650415396
0.965395175624
0.359563490045
0.745024325332
0.591358022256
0.44499168707
0.715688438258
0.414050347674
0.4333700394
0.19460720868
0.752528565813
0.11474783629
0.667040429564
0.528123023672
0.966560066973
0.232290026846
0.766614029677
0.726607224088
0.97585644038
0.303258387905
0.0815466631759
0.650916804932
0.695634765534
0.0376103640178
0.656016563477
0.826258604404
0.905605860059
0.163426371699
0.127237290386
0.488708374142
0.227017466067
0.676347082802
0.383584175988
0.475099628146
0.75627961919
0.73242252504
0.679510701461
0.155784673803
0.982369796928
0.380958589553
0.812470218517
0.0763129380419
0.521754526964
0.543332114242
0.0898609873191
0.232111303841
0.114669939302
0.0533389208023
0.818963802247
0.746051107368
0.835109998286
0.827847160848
0.668708378258
0.751408418596
0.318997398954
0.863869982759
0.0132450354445
0.984262407581
0.495092618645
0.726311112386
0.0202858109946
0.434190978043
0.951240453889
0.327458902916
0.508633208793
0.10943202826
0.726671434852
0.166829467299
0.739497624251
0.116445773891
0.0723196696607
0.374929606184
0.293936759875
0.564295017788
0.694962642215
0.124506667269
0.865869812241
0.913120764254
0.343915215966
0.204130429171
0.695619795963
0.260877376889
0.445577930068
0.802993148344
0.543551549504
0.66395146397
0.733937648922
0.149980440249
0.689964030762
0.840300833739
0.276799588146
0.303841614576
0.537382151904
0.490555550302
0.339119211514
0.829348624097
